1082040961
1083152220
1083152305
1083405975
1083406140
1083652326
1083652340
1083782139
1083782572
1083837525
1083837533
1083965716
1083965878
1083984820
1083984906
1084003953
1084004015
1084004937
1084004940
1084004937
1084004940
1084004312
1084004323
1084004015
1084004145
1084004677
1084004773
1084001598
1084001618
1084002877
1084003037
1084003905
1084003920
1083987989
1083987998
1083987998
1083988025
1083984781
1083984812
1083985852
1083985861
1083985861
1083986006
1083985625
1083985688
1083984743
1083984781
1083987998
1083988025
1083985861
1083986006
1083984950
1083984951
1083987175
1083987212
1083984743
1083984781
1083986070
1083986094
1083984820
1083984906
1083987212
1083987223
1083987016
1083987068
1083988692
1083988727
1083989808
1083989827
1083989529
1083989606
1083989606
1083989618
1083991074
1083991100
1083991985
1083991992
1083990710
1083990812
1083988892
1083989036
1083992023
1083992122
1083988802
1083988873
1083992023
1083992122
1083990962
1083990983
1083987998
1083988025
1083986459
1083986485
1083989036
1083989098
1083991497
1083991578
1083993377
1083993451
1083991578
1083991657
1083989668
1083989707
1083989529
1083989606
1083992023
1083992122
1083992837
1083992879
1083992735
1083992772
1083991249
1083991275
1083989630
1083989668
1083990022
1083990059
1083990853
1083990919
1083989126
1083989193
1083989707
1083989798
1083990920
1083990962
1083989707
1083989798
1083991148
1083991249
1083989606
1083989618
1083991275
1083991497
1083989707
1083989798
1083990162
1083990244
1083992676
1083992681
1083991045
1083991056
1083989798
1083989808
1083991100
1083991148
1083989461
1083989529
1083992651
1083992676
1083989275
1083989410
1083992772
1083992817
1083990538
1083990706
1083990920
1083990962
1083991275
1083991497
1083990706
1083990710
1083991041
1083991045
1083990162
1083990244
1083989630
1083989668
1083992681
1083992735
1083993494
1083993536
1083996253
1083996279
1083994988
1083995129
1083997755
1083997894
1083999596
1083999616
1083999025
1083999081
1083998531
1083998568
1083999081
1083999152
1083994501
1083994626
1083997492
1083997514
1083995876
1083996002
1083997000
1083997043
1083994908
1083994988
1083995501
1083995597
1083994731
1083994799
1083996860
1083997000
1083996860
1083997000
1083997609
1083997650
1083994501
1083994626
1083997043
1083997082
1083996860
1083997000
1083994731
1083994799
1083996722
1083996741
1083994501
1083994626
1083994501
1083994626
1083994229
1083994406
1083996253
1083996279
1083994406
1083994463
1083997894
1083997939
1083993451
1083993494
1083997291
1083997492
1083995876
1083996002
1083997971
1083997973
1083994229
1083994406
1083995597
1083995642
1083993743
1083993828
1083993536
1083993617
1083997514
1083997522
1083996438
1083996529
1083996253
1083996279
1083994882
1083994908
1083997000
1083997043
1083994501
1083994626
1083994150
1083994229
1083994857
1083994882
1083996860
1083997000
1083997000
1083997043
1083994882
1083994908
1083997129
1083997181
1083996529
1083996561
1083997291
1083997492
1083993162
1083993377
1083997082
1083997129
1083997082
1083997129
1083997522
1083997524
1083997043
1083997082
1083994988
1083995129
1083996418
1083996438
1083996253
1083996279
1083997514
1083997522
1083997522
1083997524
1083997678
1083997755
1083995501
1083995597
1083995477
1083995501
1083995477
1083995501
1083993828
1083993858
1083996722
1083996741
1083997755
1083997894
1083999406
1083999448
1083998061
1083998065
1083998636
1083998667
1083998296
1083998358
1083999166
1083999258
1084000866
1084000964
1084000066
1084000345
1083998769
1083998794
1083997939
1083997971
1083998213
1083998296
1084000455
1084000495
1084000791
1084000824
1083999754
1083999900
1083999938
1084000010
1084000791
1084000824
1083999166
1083999258
1083998102
1083998157
1083998843
1083998916
1083997939
1083997971
1083998993
1083999025
1083999448
1083999453
1083999025
1083999081
1083999460
1083999519
1083999258
1083999280
1083999900
1083999938
1083998358
1083998362
1084000791
1084000824
1084000345
1084000455
1084000010
1084000066
1083999081
1083999152
1083996741
1083996860
1083997043
1083997082
1083997082
1083997129
1083997043
1083997082
1083997609
1083997650
1083997043
1083997082
1083994494
1083994501
1083996253
1083996279
1083996860
1083997000
1083996438
1083996529
1083993737
1083993743
1083996651
1083996672
1083995501
1083995597
1083997971
1083997973
1083994882
1083994908
1083997541
1083997609
1083993737
1083993743
1083996651
1083996672
1083997971
1083997973
1083997291
1083997492
1083997541
1083997609
1083996345
1083996370
1083993828
1083993858
1083994463
1083994494
1083996418
1083996438
1083997609
1083997650
1083997129
1083997181
1083993743
1083993828
1083997540
1083997541
1083994406
1083994463
1083996741
1083996860
1083993536
1083993617
1083993858
1083994150
1083996860
1083997000
1083996202
1083996253
1083999157
1083999166
1083998926
1083998993
1083999280
1083999291
1083999280
1083999291
1083999754
1083999900
1083998636
1083998667
1083998358
1083998362
1083999166
1083999258
1083997939
1083997971
1083999754
1083999900
1084000750
1084000791
1084000750
1084000791
1083998061
1083998065
1084000824
1084000866
1084004305
1084004312
1084002877
1084003037
1084004677
1084004773
1084002328
1084002399
1084004937
1084004940
1084004944
1084004946
1084001697
1084001727
1084002399
1084002556
1084004937
1084004940
1084001697
1084001727
1084004504
1084004558
1084000964
1084001071
1084002648
1084002856
1084005195
1084005226
1084005195
1084005226
1084003920
1084003953
1084002328
1084002399
1084002085
1084002328
1084004235
1084004242
1084001255
1084001342
1084002877
1084003037
1084004937
1084004940
1084004015
1084004145
1084001618
1084001697
1084001255
1084001342
1084004429
1084004504
1084004015
1084004145
1084004937
1084004940
1084003250
1084003436
1084005028
1084005044
1084004988
1084005028
1084001583
1084001598
1084001598
1084001618
1084004988
1084005028
1084001105
1084001129
1084004242
1084004305
1084005277
1084005328
1084005500
1084005525
1084006730
1084006737
1084005858
1084005902
1084006730
1084006737
1084006348
1084006354
1084006613
1084006670
1084006670
1084006688
1084005747
1084005775
1084005525
1084005541
1084006379
1084006479
1084005669
1084005693
1084005740
1084005747
1084005525
1084005541
1084007050
1084007059
1084008313
1084008370
1084007912
1084007968
1084006975
1084007001
1084006518
1084006555
1084005443
1084005475
1084006670
1084006688
1084006928
1084006961
1084007152
1084007237
1084008298
1084008313
1084008142
1084008201
1084007992
1084007995
1084008282
1084008298
1084007646
1084007666
1084008438
1084008445
1084008430
1084008432
1084007580
1084007595
1084007684
1084007740
1084007580
1084007595
1084007740
1084007749
1084008432
1084008438
1084007912
1084007968
1084007989
1084007992
1084008107
1084008108
1084007253
1084007314
1084008208
1084008217
1084007989
1084007992
1084007884
1084007901
1084007152
1084007237
1084007995
1084008012
1084007756
1084007777
1084008208
1084008217
1084007152
1084007237
1084008108
1084008110
1084007100
1084007109
1084007749
1084007756
1084007442
1084007451
1084008247
1084008282
1084008423
1084008430
1084007666
1084007677
1084007823
1084007839
1084007109
1084007110
1084007989
1084007992
1084007884
1084007901
1084007147
1084007152
1084008298
1084008313
1084008108
1084008110
1084008298
1084008313
1084008467
1084008468
1084009106
1084009119
1084008925
1084008996
1084008614
1084008637
1084009264
1084009267
1084009708
1084009712
1084011095
1084011111
1084010091
1084010101
1084009930
1084009935
1084011062
1084011068
1084011095
1084011111
1084011222
1084011239
1084011363
1084011397
1084009725
1084009760
1084009761
1084009765
1084011417
1084011446
1084011349
1084011363
1084010101
1084010203
1084010716
1084010730
1084009803
1084009825
1084010350
1084010385
1084011532
1084011539
1084009935
1084009951
1084011111
1084011188
1084010637
1084010716
1084010883
1084010970
1084010753
1084010787
1084010324
1084010350
1084010533
1084010555
1084012507
1084012533
1084013557
1084013558
1084015840
1084015857
1084016762
1084016763
1084016762
1084016763
1084016401
1084016419
1084016259
1084016284
1084016159
1084016190
1084016055
1084016087
1084015930
1084015955
1084016883
1084016895
1084016214
1084016259
1084016370
1084016401
1084016320
1084016340
1084016866
1084016883
1084016129
1084016159
1084016105
1084016111
1084015796
1084015810
1084016320
1084016340
1084016679
